17,2
17,1
17,3
15,2
15,1
15,3
16,2
16,1
16,3
13,2
14,2
4,40
4,16
4,4
4,34
4,25
4,23
4,21
4,32
4,86
4,1
4,79
4,2
4,3
6,5
6,4
6,6
6,1
6,7
6,2
6,3
7,8
7,10
7,7
7,4
7,5
7,9
7,1
7,13
7,2
7,3
5,4
5,2
5,1
5,3
0,323
54,49
54,48
54,47
54,46
54,45
54,44
54,43
54,42
54,41
54,40
54,39
54,38
54,37
54,36
54,35
52,3
52,2
52,1
52,0
51,3
51,2
51,1
51,0
50,3
50,2
50,1
50,0
49,6
49,5
49,4
49,3
49,2
49,1
49,0
48,9
48,8
48,7
48,6
48,5
48,4
48,3
48,2
48,1
48,0
47,3
47,2
47,1
47,0
46,3
46,2
46,1
46,0
45,3
45,2
45,1
45,0
44,3
44,2
44,1
44,0
43,3
43,2
43,1
43,0
20,3
20,2
20,1
